0 0 34312708 666509 47304081 535725
0 0 47304081 535725 90910600 472940
0 0 90910600 472940 111486754 -893838
90910600 472940 111486754 -893838 127443712 -850039
90910600 472940 127443712 -850039 137876341 -216903
90910600 472940 137876341 -216903 154654782 327371
137876341 -216903 154654782 327371 194934036 392113
137876341 -216903 194934036 392113 223594534 64903
223594534 64903 233111412 -593438 267623903 -63349
194934036 392113 223594534 64903 267623903 -63349
267623903 -63349 268791140 -605783 279774421 198087
194934036 392113 267623903 -63349 279774421 198087
268791140 -605783 279774421 198087 312017344 -200746
279774421 198087 312017344 -200746 344361022 -499733
279774421 198087 344361022 -499733 352011687 -538670
279774421 198087 352011687 -538670 373656738 64671
352011687 -538670 373656738 64671 416815266 589802
352011687 -538670 416815266 589802 445833341 995114